2169561
11632
35276
11749
11750
11751
11752
11932
11753
11754
31673
31674
11968
12519
11966
11973
12438
31917
31931
35277
36381
72477
72478
72479
72482
72483
72484
72501
72502
72503
72507
72508
72509
72513
72514
99266
99267
99268
99269
99275
107020
123561
126994
141903
181858
206036
11915
11971
12583
12645
72476
93465
99270
99271
99273
99274
206037
11827
11745
210769
228277
12733
45617
37668
56865
64375
64376
64377
64378
64379
64380
64381
64382
135106
135210
166122
166123
57282
129525
129526
129527
87786
62805
89382
352453
352454
352455
352456
352457
352458
352459
352460
206038
72505
72506
77582
99261
99262
99263
99264
201996
201997
378383
72510
72511
72512
206039
72475
72480
72481
72485
72486
72497
72498
72499
72504
99265
99272
204873
348296
486178
490715
768789
980635
1195371
1335474
1335475
1435008
1526585
2072393
327045
11646
11652
693660
12721
57667
1563316
11653
11741
12750
36374
328330
430592
11742
11743
11744
430593
11664
35273
348387
169959
253923
11654
11655
11656
11657
417296
11659
417301
417302
417303
417297
417312
417993
11660
11661
11662
254355
507757
621214
11665
11666
11667
11668
11669
11670
11671
11672
31675
11673
11648
11674
11675
31676
36371
36372
36373
45409
289357
11676
35274
388795
505184
504938
504939
504940
504941
504942
504943
504944
504945
504946
504947
504948
504949
504950
504951
504952
504953
504954
504955
504956
504957
504958
504959
504960
504961
504962
504963
504964
504965
504966
504967
504968
504969
539370
587267
587268
587269
587270
587271
587642
587643
587644
690048
690049
690051
754494
754495
864190
864191
864194
864196
864207
864208
864216
864217
864222
864223
864224
864230
864232
864235
864245
864254
864255
864256
864257
864261
864262
864267
1071961
1071962
1071963
1071964
1071965
1071966
1140258
1140259
1140260
1140261
1140262
1140263
1140264
1140265
1140266
1140267
1140268
1140269
1140270
1140271
1140272
1140273
1140274
1140275
1140276
1140277
1140278
1140279
1140280
1140282
1140284
1140285
1140287
1140288
1140289
1140290
1140291
1140293
1140294
1140295
1140296
1140297
1140298
1140299
1140300
1140301
1140302
1140303
1140304
1140305
1140306
1140307
1140308
1140309
1140310
1140311
1140312
1140314
1140315
1140316
1140317
1140318
1140319
1140321
1140322
1140323
1140324
1140325
1140326
1140327
1140328
1140330
1140331
1140332
1140333
1140334
1140335
1140336
1140337
1140338
1140339
1140340
1140341
1140342
1140343
1140344
1140345
1140346
1140347
1140348
1140349
1140350
1140351
1140352
1140353
1140354
1140355
1140356
1140357
1140358
1140359
1140360
1140361
1140362
1140363
1140364
1140365
1140366
1140367
1140368
1140369
1140370
1243187
1243196
1243233
1243253
1243254
1243255
1243282
1243289
1243300
1243301
1243303
1243304
1243339
1243351
1243355
1243359
1243365
1243367
1243373
1243382
1243389
1243391
1243393
1243398
1243400
1243409
1243410
1243412
1243413
1243476
1243483
1243486
1243490
1243491
1243504
1243512
1243514
1243517
1243521
1243526
1243530
1243531
1243535
1243545
1243546
1243547
1243558
1243559
1243560
1243566
1243570
1243571
1287876
1288274
1299929
1299930
1299931
1299932
1299933
1299934
1299935
1299936
1299937
1299938
1299939
1299940
1299941
1299942
1299943
1299944
1299945
1299946
1299947
1299948
1299949
1299950
1299951
1299952
1299953
1299954
1299955
1299956
1299957
1299958
1299959
1299960
1299961
1299962
1299963
1299964
1299965
1299966
1299967
1299968
1299969
1299970
1299971
1299972
1299973
1299974
1299975
1299976
1299977
1299978
1299979
1299980
1299981
1299982
1299983
1299984
1299985
1299986
1299987
1299988
1299989
1299990
1299991
1299992
1299993
1322102
1400548
1400549
1407680
1407691
1407708
1407727
1407729
1407738
1544535
1544536
1544537
1544538
1544539
1544540
1544541
1544542
1544543
1577500
1853784
1853789
1853791
1853800
1853802
1853805
1853819
1855736
1855743
1855748
1855749
1855754
1855755
1855759
1855770
1855781
1855784
1855808
1943646
1943649
1943653
505185
11685
11696
11706
290579
401671
504970
504971
504972
504973
504974
564246
564247
564248
564249
564250
564251
564252
564253
564254
564255
564256
564257
564334
570908
570909
570910
570911
570912
570913
570914
570915
570916
572286
580501
580502
580503
580504
580505
580506
580507
580508
580509
580510
580511
580512
580513
580514
580515
580516
580517
580518
580519
580520
580521
580522
580523
580524
580525
580526
580527
580528
580529
580530
580531
580532
580533
580534
580535
580536
580537
580538
580539
580540
580541
580542
580543
580544
580545
580546
580547
580548
580553
580554
580555
580556
580557
580558
580559
580560
580561
580565
580566
580569
580570
580571
580572
580573
580574
580575
580576
580577
580578
580579
580580
697093
697244
697300
697301
697874
698704
698705
698706
698707
698708
699022
699023
699024
792675
792676
792677
792678
792679
792680
792681
792682
792683
792684
792685
792686
792687
931526
931527
1006023
1006047
1006054
1006055
1007019
1035678
1035683
1035690
1035691
1035692
1035696
1035699
1068955
1069546
1069547
1069548
1070527
1070529
1070530
1070531
1070675
1070676
1070682
1070683
1070684
1070687
1070688
1140281
1140283
1140286
1140292
1243336
1243387
1243392
1243394
1243401
1243404
1243414
1299995
1299996
1322091
1322092
1322093
1322095
1322097
1322101
1367759
1367760
1367761
1367762
1367763
1367813
1367814
1407679
1529030
1853803
1853821
505186
388796
388812
504982
504983
504984
504985
504986
504987
504988
504989
504990
504991
504992
504993
504994
504995
504996
504997
504998
504999
505000
505001
505002
505003
505004
505005
505006
505007
505008
505009
505010
505011
505012
511294
511295
564217
564218
564219
564220
564221
564222
564223
564224
564225
564226
564227
564228
564229
564230
564231
564232
564233
564234
564235
564236
564237
564238
564239
564240
564241
564242
564243
564244
564245
570906
570907
580549
580550
580551
580552
690080
690081
696563
696564
696565
696566
696567
696568
696569
696570
696571
696572
696573
696574
696575
696576
696577
696578
696579
696580
696581
696582
696583
696584
696585
696586
696587
696588
696589
696590
696591
696592
696593
696594
696595
696596
696597
696598
696599
696600
696601
696602
696603
696604
696605
696606
696607
696608
696609
696610
696611
696612
696613
696614
696615
696616
696617
696618
696619
696620
696621
696622
696623
754492
754497
754498
864192
864197
864201
864204
864205
864206
864209
864215
864226
864233
864234
864242
864253
1086567
1086568
1086569
1086570
1086571
1086572
1086573
1086574
1086575
1086576
1086577
1086578
1086579
1086580
1086581
1086582
1086583
1086584
1140313
1140329
1243232
1243235
1243236
1243237
1243240
1243241
1243242
1243243
1243244
1243245
1243246
1243247
1243248
1243249
1243250
1243251
1243256
1243257
1243258
1243259
1243262
1243263
1243264
1243265
1243384
1243388
1243415
1243416
1243481
1243500
1243524
1299994
1322090
1322094
1322096
1322099
1322100
1367764
1367765
1367766
1367767
1367768
1367769
1367771
1367772
1367773
1367774
1367775
1367776
1367777
1367778
1367779
1367780
1367781
1367782
1367783
1367784
1367785
1367786
1367787
1367788
1367789
1367790
1367810
1367817
1367818
1367819
1367820
1367821
1367822
1367823
1367824
1367825
1367826
1367827
1367828
1407686
1407689
1407690
1529019
1529031
1577498
1853781
1855745
505187
505013
505014
505015
505016
505017
505018
505019
505020
505021
505022
505023
505024
505025
505026
505027
505028
505029
505030
505031
505032
505033
505034
505035
505036
505037
505038
505039
505040
505041
505042
505043
505044
505045
505046
505047
505048
505049
505050
505051
505052
505053
505054
505055
505056
505057
505058
505059
505060
505061
505062
505063
505064
505065
505066
505067
505068
505069
505070
505071
505072
505073
505074
505075
505076
505077
505078
505079
505080
505081
505082
505083
505084
505085
505086
505087
505088
505089
505090
505091
505092
505093
505094
505095
505096
505097
505098
505099
505100
505101
505102
505103
505104
505105
505106
505107
505108
505109
505110
505111
505112
505113
505114
505115
505116
505117
505118
505119
505120
505121
505122
505123
505124
505125
505126
505127
505128
505129
505130
505131
505132
505133
505134
505135
505136
505137
505138
505139
505140
505141
505142
505143
505144
505145
505146
505147
505148
505149
505150
505180
505181
505182
511296
564265
564266
564267
564268
564269
564270
564271
564272
564273
564274
564275
564276
564277
564278
564279
564280
564281
564282
564283
564284
564285
580562
580563
580564
864187
864188
864193
864195
864199
864202
864203
864225
864231
864236
864238
864240
864241
864270
876853
876854
909000
909001
909002
909004
909005
909006
909009
909010
909011
909013
909014
909016
909018
909021
909022
909023
909024
909026
909027
909028
909029
909030
909032
909033
909034
909035
909036
909039
909041
909042
909043
909044
1006028
1035687
1035702
1035706
1070826
1070827
1070828
1243184
1243186
1243188
1243189
1243191
1243192
1243194
1243197
1243202
1243205
1243206
1243207
1243209
1243210
1243211
1243212
1243213
1243215
1243216
1243217
1243218
1243219
1243220
1243221
1243222
1243223
1243224
1243225
1243226
1243227
1243228
1243229
1243230
1243231
1243238
1243239
1243260
1243267
1243269
1243270
1243273
1243275
1243278
1243281
1243283
1243284
1243285
1243287
1243290
1243291
1243293
1243296
1243298
1243302
1243305
1243306
1243307
1243308
1243309
1243310
1243311
1243312
1243313
1243314
1243315
1243316
1243327
1243328
1243331
1243337
1243338
1243340
1243341
1243343
1243344
1243345
1243346
1243347
1243348
1243350
1243352
1243353
1243354
1243356
1243358
1243362
1243364
1243368
1243370
1243371
1243374
1243376
1243378
1243379
1243380
1243381
1243383
1243385
1243386
1243395
1243397
1243399
1243403
1243405
1243406
1243407
1243408
1243411
1243417
1243418
1243419
1243420
1243421
1243422
1243423
1243424
1243425
1243426
1243427
1243428
1243429
1243430
1243431
1243432
1243433
1243434
1243435
1243436
1243437
1243438
1243439
1243440
1243441
1243442
1243443
1243444
1243445
1243446
1243447
1243448
1243449
1243450
1243451
1243452
1243453
1243454
1243455
1243456
1243457
1243458
1243459
1243460
1243461
1243462
1243463
1243464
1243465
1243466
1243467
1243468
1243469
1243470
1243471
1243472
1243473
1243477
1243478
1243479
1243482
1243484
1243487
1243488
1243489
1243495
1243496
1243498
1243499
1243501
1243502
1243503
1243505
1243506
1243507
1243508
1243509
1243511
1243513
1243515
1243516
1243518
1243522
1243523
1243525
1243528
1243529
1243532
1243533
1243537
1243538
1243539
1243541
1243542
1243543
1243544
1243548
1243549
1243550
1243551
1243552
1243553
1243554
1243555
1243557
1243563
1243564
1243565
1243567
1243568
1243573
1243575
1274211
1274214
1274215
1274216
1274217
1274218
1274219
1274220
1274221
1274222
1274223
1274225
1274226
1274227
1274228
1274230
1274231
1274232
1274233
1274236
1274237
1274238
1274239
1274240
1274241
1274242
1274243
1274244
1274245
1274246
1274247
1274248
1274249
1274250
1274251
1287874
1322098
1322103
1325139
1325140
1326109
1326110
1326111
1326112
1326113
1326114
1326115
1326116
1326117
1326118
1326119
1326120
1326121
1326122
1326123
1326124
1326125
1326126
1326127
1326128
1326129
1326130
1326131
1326132
1326133
1326134
1326135
1326136
1326137
1326138
1326139
1326140
1326141
1326142
1326143
1326144
1326145
1326146
1326147
1326148
1326149
1326150
1326151
1326152
1326153
1326154
1326155
1326156
1326157
1326158
1326159
1326160
1326161
1326162
1326163
1326164
1326165
1326166
1326167
1326168
1326169
1326170
1326171
1326172
1326173
1326174
1326175
1326176
1326177
1326178
1326179
1326180
1326181
1326182
1326183
1326184
1326185
1326186
1326187
1326188
1326189
1326190
1326191
1326192
1326193
1326194
1326195
1326196
1326197
1326198
1326199
1326200
1326201
1326202
1326203
1326204
1326205
1326206
1326207
1326208
1326209
1326210
1326211
1326212
1326213
1326214
1326215
1326216
1326217
1326218
1326219
1326220
1326221
1326222
1326223
1326224
1326225
1326226
1326227
1326228
1326229
1326230
1326231
1326232
1326233
1326234
1326235
1326236
1326237
1326238
1326239
1326240
1326241
1326242
1326243
1326244
1326245
1326246
1326247
1326248
1326249
1326250
1326251
1326252
1326253
1326254
1326255
1326256
1326257
1326258
1326259
1326260
1326261
1326262
1326263
1326264
1326265
1326266
1326267
1326268
1326269
1326270
1326271
1326272
1326273
1326274
1326275
1326276
1326277
1326278
1326279
1326280
1326281
1326282
1326283
1326284
1326285
1326286
1326287
1326288
1326289
1326290
1326291
1326292
1326293
1326294
1326295
1326296
1326297
1326298
1326299
1326300
1326301
1326302
1326303
1326304
1326305
1326306
1326307
1326308
1326309
1326310
1326311
1326312
1326313
1326314
1326315
1326316
1326317
1326318
1326319
1326320
1326321
1326322
1326323
1326324
1326325
1326326
1326327
1326328
1326329
1326330
1326331
1326332
1326333
1326334
1326335
1326336
1326337
1326338
1326339
1326340
1326341
1326342
1326343
1326344
1326345
1326346
1326347
1326348
1326349
1326350
1326351
1326352
1326353
1326354
1326355
1326356
1326357
1326358
1326359
1326360
1326361
1326362
1326363
1326364
1326365
1326366
1326367
1326368
1326369
1326370
1326371
1326372
1326373
1326374
1326375
1326376
1326377
1326378
1326379
1326380
1326381
1326382
1326383
1326384
1326385
1326386
1326387
1326388
1326389
1326390
1326391
1326392
1326393
1326394
1326395
1326396
1326397
1326398
1326399
1326400
1326401
1326402
1326403
1326404
1326405
1326406
1326407
1326408
1326409
1326410
1326411
1326412
1326413
1326414
1326415
1326416
1326417
1326418
1326419
1326420
1326573
1326574
1326575
1326576
1326577
1326578
1326579
1326580
1326581
1326582
1326583
1326584
1326585
1326586
1326587
1326588
1326589
1326590
1326591
1326592
1326593
1326594
1326595
1326596
1326597
1326598
1326599
1326600
1326601
1326602
1326603
1326604
1326605
1326606
1326607
1326608
1326609
1326610
1326611
1326612
1326613
1326614
1326615
1326616
1326617
1326618
1326619
1326620
1326621
1326622
1326623
1326624
1326625
1326626
1326627
1326628
1326629
1326630
1326631
1326632
1326633
1326634
1326635
1326636
1326637
1326638
1326639
1326640
1326641
1326642
1326643
1326644
1326645
1326646
1326647
1326648
1326649
1326650
1326651
1326652
1326653
1326654
1326655
1326656
1326657
1326658
1326659
1326660
1326661
1326662
1326663
1326664
1326665
1326666
1326667
1326668
1326669
1326670
1326671
1326672
1326673
1326674
1326675
1326676
1326677
1326678
1326679
1326680
1326681
1326682
1326683
1326684
1326685
1326686
1326687
1326688
1326689
1326690
1326691
1326692
1326693
1326694
1326695
1326696
1326697
1326698
1326699
1326700
1326701
1326702
1326703
1326704
1326705
1326706
1326707
1326708
1326709
1326710
1326711
1326712
1326713
1326714
1326715
1326716
1326717
1326718
1326719
1326720
1326721
1326722
1326723
1326724
1326725
1326726
1326727
1326728
1326729
1326730
1326731
1326732
1326733
1326734
1326735
1326736
1326737
1326738
1345266
1345267
1345272
1367796
1367797
1367798
1367799
1367800
1367801
1367802
1367803
1367804
1367805
1367806
1367807
1367808
1367809
1367811
1367829
1367830
1367831
1367832
1367833
1367834
1367835
1367836
1367837
1367838
1367839
1367840
1367841
1367842
1367843
1367844
1385608
1385609
1392220
1407674
1407675
1407676
1407677
1407678
1407681
1407682
1407683
1407684
1407685
1407687
1407688
1407692
1407694
1407695
1407696
1407697
1407698
1407699
1407700
1407701
1407702
1407703
1407704
1407705
1407706
1407709
1407710
1407711
1407712
1407713
1407714
1407715
1407716
1407717
1407718
1407719
1407720
1407721
1407722
1407723
1407724
1407725
1407726
1407728
1407730
1407731
1407732
1407733
1407734
1407735
1407736
1407737
1407739
1407741
1529020
1529021
1529022
1529023
1529024
1529025
1529026
1529027
1529028
1529029
1529032
1529033
1529034
1529035
1529036
1577497
1577717
1581556
1853780
1853783
1853785
1853786
1853787
1853788
1853790
1853792
1853795
1853796
1853798
1853801
1853804
1853806
1853807
1853808
1853809
1853810
1853811
1853813
1853814
1853815
1853816
1853817
1853818
1853822
1853823
1853824
1853825
1853826
1853827
1855737
1855738
1855739
1855740
1855741
1855742
1855744
1855746
1855747
1855750
1855751
1855752
1855753
1855756
1855757
1855758
1855760
1855761
1855762
1855763
1855764
1855765
1855766
1855767
1855769
1855771
1855772
1855773
1855775
1855776
1855777
1855779
1855780
1855782
1855785
1855787
1855788
1855790
1855791
1855792
1855793
1855794
1855795
1855796
1855797
1855798
1855801
1855803
1855804
1855805
1855806
1855807
1855811
1855812
1855814
1943644
1943645
1943647
1943648
1943651
1943652
1943655
1943656
1943657
1943658
1943659
1943660
1943663
1943664
1943665
505226
504975
504976
504977
504978
504979
504980
504981
539353
539366
539376
539377
539384
539389
539391
580567
580568
864239
864246
864251
864259
1006507
1070829
1243198
1243208
1243234
1243252
1243268
1243288
1243332
1243334
1243361
1243363
1243474
1243492
1243497
1243520
1243536
1243569
1243574
1283793
1283794
1283795
1283796
1283797
1283798
1283799
1283800
1283801
1283802
1283803
1283804
1283805
1283806
1283807
1283808
1283809
1283810
1283811
1283812
1283813
1283814
1283815
1283816
1283817
1283818
1283819
1283820
1283821
1283822
1283823
1283824
1283825
1283826
1283827
1283828
1283829
1283830
1283831
1283832
1283833
1283834
1296571
1367815
1367816
1400550
1407740
1529037
1853793
1853794
1853812
1855768
1943650
505227
388813
388814
388815
388823
505151
505152
505153
505154
505155
505156
505157
505158
505159
505160
505161
505162
539388
690082
754493
754496
1006530
1243193
1243201
1243266
1243271
1243274
1243279
1243280
1243286
1243292
1243317
1243318
1243319
1243320
1243321
1243335
1243342
1243357
1243366
1243372
1243493
1243494
1243527
1243540
1367770
1392219
1853797
1853799
1855802
505228
388824
388825
505163
505164
505165
505166
505167
505168
505169
505170
505171
505172
505173
505174
505175
539361
539365
539369
539373
539383
539386
539390
539392
539399
564258
564259
564260
564261
564262
564263
587272
587273
587274
587275
587276
587277
587278
587279
587280
587281
587645
587646
587647
690043
690044
690045
864200
864211
864214
864227
864228
909020
1006033
1006531
1006535
1035665
1035680
1070689
1070690
1070697
1070698
1070740
1070801
1070802
1070810
1070811
1070812
1070813
1070816
1070830
1070831
1070832
1070833
1070834
1070835
1070836
1071023
1071024
1071025
1071026
1071027
1071028
1071029
1071031
1140320
1243200
1243203
1243204
1243272
1243276
1243277
1243295
1243297
1243299
1243322
1243323
1243324
1243325
1243326
1243369
1243375
1243377
1243485
1243510
1243519
1243556
1243561
1243572
1367791
1367792
1367793
1367794
1367795
1855774
1855778
1855783
1855786
1855789
1855799
1855809
1855810
1855813
1943654
1943662
505229
388826
388888
505176
505177
505178
505179
539393
864189
1243329
1243390
1243480
1243562
1407707
1853782
1853820
1855800
1943661
505230
388904
388905
539378
539397
864258
1243195
505231
388906
388907
505183
1243261
539401
539351
539352
539354
539355
539356
539357
539358
539359
539360
539362
539363
539364
539367
539368
539371
539372
539374
539375
539379
539380
539381
539382
539385
539387
539394
539395
539396
539398
539400
576897
576898
576899
576900
576901
576902
576903
576904
690079
792688
1326421
1326422
1326423
1326424
1326425
1326426
1326427
1326428
1326429
1326430
1326431
1326432
1326433
1326434
1326435
1326436
1326437
1326438
1326439
1326440
1326441
1326442
1326443
1326444
1326445
1326446
1326447
1326448
1326449
1326450
1326451
1326452
1326453
1326454
1326455
1326456
1326457
1326458
1326459
1326460
1326461
1326462
1326463
1326464
1326465
1326466
1326467
1326468
1326469
1326470
1326471
1326472
1326473
1326474
1326475
1326476
1326477
1326478
1326479
1326480
1326481
1326482
1326483
1326484
1326485
1326486
1326487
1326488
1326489
1326490
1326491
1326492
1326493
1326494
1326495
1326496
1326497
1326498
1326499
1326500
1326501
1326502
1326503
1326504
1326505
1326506
1326507
1326508
1326509
1326510
1326511
1326512
1326513
1326514
1326515
1326516
1326517
1326518
1326519
1326520
1326521
1326522
1326523
1326524
1326525
1326526
1326527
1326528
1326529
1326530
1326531
1326532
1326533
1326534
1326535
1326536
1326537
1326538
1326539
1326540
1326541
1326542
1326543
1326544
1326545
1326546
1326547
1326548
1326549
1326550
1326551
1326552
1326553
1326554
1326555
1326556
1326557
1326558
1326559
1326560
1326561
1326562
1326563
1326564
1326565
1326566
1326567
1326568
1326569
1326570
1326571
1326572
864281
564264
864278
864279
1243185
1243190
1243199
1243214
1243294
1243330
1243349
1243360
1243402
1243475
1243534
1367812
1577499
864282
690076
690077
690078
864198
864210
864212
864213
864218
864219
864220
864221
864229
864237
864243
864244
864247
864248
864249
864250
864252
864260
864263
864264
864265
864266
864268
864269
864271
864272
864273
864274
864275
864276
864277
864280
909003
909007
909008
909012
909015
909017
909019
909025
909031
909037
909038
909040
909045
1006017
1274213
1274224
1274229
1274234
1274235
1287866
1287867
1287868
1287869
1287870
1287871
1287872
1287873
1299997
1325135
1325136
1325137
1325138
1345268
1345269
1345270
1345271
1345273
1380709
1380710
1380711
1380712
1380713
1406938
1406939
1406940
1406941
1406942
1406943
1406944
1427962
1427963
1427964
1427965
1427966
1427967
1427968
1427969
1427970
1427971
1427972
1427973
1427974
1427975
1427976
1243182
1243333
1243396
1437470
1407693
1529018
388799
327105
388816
388817
388818
388819
540993
11678
11679
11680
11681
11682
11683
11684
11686
11687
11688
11689
11690
11691
11692
11693
11694
11695
11697
11698
11699
11701
11702
11703
11704
11705
11707
11708
31678
36375
36376
82834
362651
467352
467353
469476
576571
576572
587204
587205
587206
587207
587208
587209
587210
587211
587212
587213
587214
587215
587216
587217
587218
587219
587220
587221
587222
587223
587224
587225
587226
587227
587228
587229
587230
587231
587232
587233
587234
587235
587236
587237
587238
587239
587240
587241
587242
587243
587244
587245
587246
587247
587248
587249
587250
587251
587252
587253
587254
587255
587256
587257
587258
587259
587260
587261
587262
587263
587264
587265
587266
587638
587639
587640
587641
657188
657189
657190
657191
657192
657193
657194
657195
657196
657197
657198
657199
657200
657201
657202
657203
657204
657205
657206
657207
657208
657209
657210
657211
657212
657213
657214
657215
657216
657217
657218
657219
1856042
1856043
1856044
1856045
1856046
1856047
1856048
1856049
1856050
1856051
1856052
1856053
1856054
1856055
1856056
1856057
1856058
1856059
1856060
1856061
1856062
1856063
1856064
1856065
1856066
1856067
1856068
1856069
1856070
1856071
1856072
1856073
1856074
1856075
1856076
1856077
1856078
1856079
1856080
1856081
1856082
1856083
1856084
540994
471721
471723
540992
540995
690042
690046
690047
690050
690052
690053
690054
690055
690056
690057
690058
690059
690060
690061
690062
690063
690064
690065
690066
690067
690068
690069
690070
690071
690072
690073
690074
690075
754499
11709
11713
11715
11717
11718
11719
73484
362652
388820
69155
11716
388821
388822
388908
11714
11720
11721
31681
11723
11711
11733
11734
11735
11736
31682
160753
160754
1429985
11712
11737
11738
11725
11726
349689
11727
11728
11729
11730
11731
349690
31684
349691
349974
1081704
349692
349975
12830
11732
36378
159122
358183
31683
224206
225978
330887
388909
388910
388911
388912
402771
878457
878458
446034
498715
538563
1454033
12804
32615
32616
36370
348386
11663
89592
433832
580294
140052
11746
47898
11757
11758
11759
11760
11823
11854
43266
45333
45334
45335
45336
46608
114183
160596
189458
11855
11942
28329
36771
39068
73490
53257
301864
1048243
1051323
11856
11857
347957
46024
69576
239365
341730
364320
723802
1105057
1622024
1822365
1904439
363747
240594
153057
11864
11859
11861
11862
11863
79685
103898
11865
11946
11913
31920
11948
11949
11950
31671
31694
242521
363745
912634
1401444
363020
760727
1476428
1806567
11866
11868
11870
11916
11878
11884
11879
385048
11885
11880
11886
11887
11888
11889
269446
269447
269448
270623
31667
353825
11867
11869
11871
11873
11874
11875
11876
11877
11881
11882
11894
11957
35270
60629
11945
11955
11958
11960
31668
31669
31670
11961
1332312
354090
153135
11636
11836
11899
11768
11769
11772
11775
11778
11779
11824
11921
11922
11923
103916
103917
103918
103919
11774
11780
11786
11791
11795
11783
11796
11797
11798
11801
882209
928306
368797
11784
11785
11787
31689
11790
11792
11793
11794
11799
11800
11816
11832
11833
11837
11841
11845
11846
11847
11849
11850
11935
11936
11938
44561
65573
65690
71778
75986
114654
188539
458105
878322
1511762
1511763
368798
31687
31688
32617
153472
153473
253693
933438
1615765
11807
11808
11809
11803
11804
11805
11810
11811
11812
11813
11814
11815
31691
11840
11818
11970
39746
11776
11777
353209
1517750
1400255
1400256
1400257
353212
353207
353210
1517744
11838
1157040
1147756
1200308
1200310
1517751
1517752
1517753
1517754
1517755
1517756
1869097
353765
353768
353769
11765
11766
11767
11788
11819
11820
31692
355328
355329
11821
11829
11843
11830
11834
11848
31695
35275
53454
99182
99183
99184
99185
99186
99187
99188
99189
99190
913015
936148
1038067
438045
356663
356664
373193
749340
1049224
1133973
1002079
1038068
1038069
1394983
1132848
1531305
196403
11764
221982
590745
980972
369960
61673
71579
71581
130067
130068
130069
130070
168238
194958
194959
286072
509154
394239
153136
11901
11902
11903
11904
11905
11906
11907
194440
11908
402042
11926
11927
11928
39016
402043
39015
402044
402046
33747
36369
47688
194441
11909
36368
37814
33748
194443
28332
402036
39101
406769
347956
318275
1907191
318279
481147
153137
39720
64461
64462
1233735
40270
327046
11640
11642
11641
11963
31696
41858
180544
181010
221703
288117
288118
298339
367867
399494
399495
472571
747492
747493
1100835
1100836
1100837
1100838
1100839
1100840
338079
11965
11644
338478
1959928
1959929
2169664
207343
2169665
109270
2169666
53182
186534
10639
10640
10641
10642
10643
10644
10645
10646
10647
10648
31556
31557
31558
10649
10650
47903
194445
213888
1006328
264076
515319
515444
1077151
480379
1808970
515320
1221449
1711685
10652
10653
31559
157270
157271
174178
178354
198310
218387
262957
263892
325348
12435
52996
438788
438789
438790
438791
438792
438793
438794
438795
438796
438797
438798
438799
438800
438801
438802
438803
438804
438805
438806
438807
438808
438809
438810
438811
438812
438813
438814
438815
438816
438817
438818
438819
438820
438821
438822
438823
438824
438825
438826
438827
438828
438829
438830
438831
438832
449992
449994
449993
617127
1874738
59306
69577
290556
290557
328677
328678
328679
328680
328681
328682
328683
328685
328686
334778
906922
184750
190388
380669
446549
490892
490894
512090
549205
587119
587120
646442
647294
671126
867712
1016852
1279470
1400261
1424615
1457247
1459800
1490026
1577993
1577994
1577995
1595988
1603070
1652468
1752057
1825681
1940253
1954355
1986195
2044517
2052838
2056878
2056879
2056880
2056881
2056882
2056883
2056884
2056885
2056886
2057160
2057161
2057162
2057979
328670
328671
362398
362399
419782
1016853
1016854
1016855
1016856
1016857
1034096
1050407
1227557
1411991
1471299
1476909
1505530
1561150
1619899
1634914
1755696
1940252
1960252
1960253
1960254
1960255
1973099
1973265
2011125
2033633
2034762
2034763
186533
38062
930167
930168
186845
59504
492094
492095
187212
10654
10655
187214
10651
35593
172220
175814
418399
418400
1848040
446548
587370
1214920
1476980
1751715
2020956
1232640
107324
995049
1748295
1213588
186665
186666
348584
348585
2083181
186667
1232498
544576
1755795
1755796
186670
186672
